[[-1, [0, 2], [[1, 4], [1, 5], [1, 6], [0, 3]]]]
[[-1, [0, 3], [[1, 5], [1, 6], [1, 7], [1, 8], [0, 2], [0, 4]]]]
[[-2, [0, 4], [[1, 7], [1, 8], [1, 9], [1, 10], [0, 3], [0, 5]]]]
[[-2, [0, 5], [[1, 9], [1, 10], [1, 11], [1, 12], [0, 4], [0, 6]]]]
[[-1, [0, 6], [[1, 11], [1, 12], [1, 13], [1, 14], [0, 5], [0, 7]]]]
[[-1, [0, 7], [[1, 13], [1, 14], [1, 15], [1, 16], [0, 6], [0, 8]]]]
[[-1, [0, 8], [[1, 15], [1, 16], [1, 17], [1, 18], [0, 7], [0, 9]]]]
[[-2, [0, 9], [[1, 17], [1, 18], [1, 19], [1, 20], [0, 8], [0, 10]]]]
[[-2, [0, 10], [[1, 19], [1, 20], [1, 21], [1, 22], [0, 9], [0, 11]]]]
[[-1, [0, 11], [[1, 21], [1, 22], [1, 23], [1, 24], [0, 10], [0, 12]]]]
[[-1, [0, 12], [[1, 23], [1, 24], [1, 25], [1, 26], [0, 11], [0, 13]]]]
[[-1, [0, 13], [[1, 25], [1, 26], [1, 27], [1, 28], [0, 12]]]]
[[-1, [1, 4], [[0, 2], [2, 2], [3, 3], [3, 4], [1, 5]]]]
[[-1, [1, 5], [[0, 2], [2, 2], [2, 3], [3, 5], [3, 6], [1, 4], [1, 6]]]]
[[-2, [1, 6], [[0, 2], [0, 3], [2, 2], [2, 3], [3, 5], [3, 6], [1, 7], [1, 5]]]]
[[-1, [1, 7], [[0, 2], [0, 3], [2, 3], [2, 4], [3, 7], [3, 8], [1, 6], [1, 8]]]]
[[-1, [1, 8], [[0, 3], [0, 4], [2, 3], [2, 4], [3, 7], [3, 8], [1, 9], [1, 7]]]]
[[-2, [1, 9], [[0, 3], [0, 4], [2, 4], [2, 5], [3, 9], [3, 10], [1, 8], [1, 10]]]]
[[-1, [1, 10], [[0, 4], [0, 5], [2, 4], [2, 5], [3, 9], [3, 10], [1, 11], [1, 9]]]]
[[-1, [1, 11], [[0, 4], [0, 5], [2, 5], [2, 6], [3, 11], [3, 12], [1, 10], [1, 12]]]]
[[-2, [1, 12], [[0, 5], [0, 6], [2, 5], [2, 6], [3, 11], [3, 12], [1, 13], [1, 11]]]]
[[-1, [1, 13], [[0, 5], [0, 6], [2, 6], [2, 7], [3, 13], [3, 14], [1, 12], [1, 14]]]]
[[-1, [1, 14], [[0, 6], [0, 7], [2, 6], [2, 7], [3, 13], [3, 14], [1, 15], [1, 13]]]]
[[-2, [1, 15], [[0, 6], [0, 7], [2, 7], [2, 8], [3, 15], [3, 16], [1, 14], [1, 16]]]]
[[-1, [1, 16], [[0, 7], [0, 8], [2, 7], [2, 8], [3, 15], [3, 16], [1, 17], [1, 15]]]]
[[-1, [1, 17], [[0, 7], [0, 8], [2, 8], [2, 9], [3, 17], [3, 18], [1, 16], [1, 18]]]]
[[-1, [1, 18], [[0, 8], [0, 9], [2, 8], [2, 9], [3, 17], [3, 18], [1, 19], [1, 17]]]]
[[-2, [1, 19], [[0, 8], [0, 9], [2, 9], [2, 10], [3, 19], [3, 20], [1, 18], [1, 20]]]]
[[-1, [1, 20], [[0, 9], [0, 10], [2, 9], [2, 10], [3, 19], [3, 20], [1, 21], [1, 19]]]]
[[-1, [1, 21], [[0, 9], [0, 10], [2, 10], [2, 11], [3, 21], [3, 22], [1, 20], [1, 22]]]]
[[-2, [1, 22], [[0, 10], [0, 11], [2, 10], [2, 11], [3, 21], [3, 22], [1, 23], [1, 21]]]]
[[-2, [1, 23], [[0, 10], [0, 11], [2, 11], [2, 12], [3, 23], [3, 24], [1, 22], [1, 24]]]]
[[-2, [1, 24], [[0, 11], [0, 12], [2, 11], [2, 12], [3, 23], [3, 24], [1, 25], [1, 23]]]]
[[-2, [1, 25], [[0, 11], [0, 12], [2, 12], [2, 13], [3, 25], [3, 26], [1, 24], [1, 26]]]]
[[-1, [1, 26], [[0, 12], [0, 13], [2, 12], [2, 13], [3, 25], [3, 26], [1, 27], [1, 25]]]]
[[-1, [1, 27], [[0, 12], [0, 13], [2, 13], [2, 14], [3, 27], [3, 28], [1, 26], [1, 28]]]]
[[-1, [1, 28], [[0, 13], [2, 13], [2, 14], [3, 27], [3, 28], [1, 29], [1, 27]]]]
[[-1, [1, 29], [[0, 13], [2, 14], [3, 29], [3, 30], [1, 28]]]]
[[-1, [2, 2], [[1, 4], [1, 5], [1, 6], [3, 3], [3, 4], [3, 5], [3, 6], [2, 3]]]]
[[-2, [2, 3], [[1, 5], [1, 6], [1, 7], [1, 8], [3, 5], [3, 6], [3, 7], [3, 8], [2, 4], [2, 2]]]]
[[-2, [2, 4], [[1, 7], [1, 8], [1, 9], [1, 10], [3, 7], [3, 8], [3, 9], [3, 10], [2, 5], [2, 3]]]]
[[-1, [2, 5], [[1, 9], [1, 10], [1, 11], [1, 12], [3, 9], [3, 10], [3, 11], [3, 12], [2, 6], [2, 4]]]]
[[-2, [2, 6], [[1, 11], [1, 12], [1, 13], [1, 14], [3, 11], [3, 12], [3, 13], [3, 14], [2, 7], [2, 5]]]]
[[-2, [2, 7], [[1, 13], [1, 14], [1, 15], [1, 16], [3, 13], [3, 14], [3, 15], [3, 16], [2, 8], [2, 6]]]]
[[-1, [2, 8], [[1, 15], [1, 16], [1, 17], [1, 18], [3, 15], [3, 16], [3, 17], [3, 18], [2, 9], [2, 7]]]]
[[-2, [2, 9], [[1, 17], [1, 18], [1, 19], [1, 20], [3, 17], [3, 18], [3, 19], [3, 20], [2, 10], [2, 8]]]]
[[-1, [2, 10], [[1, 19], [1, 20], [1, 21], [1, 22], [3, 19], [3, 20], [3, 21], [3, 22], [2, 11], [2, 9]]]]
[[-2, [2, 11], [[1, 21], [1, 22], [1, 23], [1, 24], [3, 21], [3, 22], [3, 23], [3, 24], [2, 12], [2, 10]]]]
[[-1, [2, 12], [[1, 23], [1, 24], [1, 25], [1, 26], [3, 23], [3, 24], [3, 25], [3, 26], [2, 13], [2, 11]]]]
[[-1, [2, 13], [[1, 25], [1, 26], [1, 27], [1, 28], [3, 25], [3, 26], [3, 27], [3, 28], [2, 14], [2, 12]]]]
[[-1, [2, 14], [[1, 27], [1, 28], [1, 29], [3, 27], [3, 28], [3, 29], [3, 30], [2, 13]]]]
[[-1, [3, 3], [[2, 2], [1, 4], [4, 1], [5, 2], [5, 3], [3, 4]]]]
[[-1, [3, 4], [[2, 2], [1, 4], [4, 1], [4, 2], [5, 4], [5, 5], [3, 3], [3, 5]]]]
[[-1, [3, 5], [[2, 2], [2, 3], [1, 5], [1, 6], [4, 1], [4, 2], [5, 4], [5, 5], [3, 6], [3, 4]]]]
[[-2, [3, 6], [[2, 2], [2, 3], [1, 5], [1, 6], [4, 2], [4, 3], [5, 6], [5, 7], [3, 5], [3, 7]]]]
[[-1, [3, 7], [[2, 3], [2, 4], [1, 7], [1, 8], [4, 2], [4, 3], [5, 6], [5, 7], [3, 8], [3, 6]]]]
[[-1, [3, 8], [[2, 3], [2, 4], [1, 7], [1, 8], [4, 3], [4, 4], [5, 8], [5, 9], [3, 7], [3, 9]]]]
[[-2, [3, 9], [[2, 4], [2, 5], [1, 9], [1, 10], [4, 3], [4, 4], [5, 8], [5, 9], [3, 10], [3, 8]]]]
[[-1, [3, 10], [[2, 4], [2, 5], [1, 9], [1, 10], [4, 4], [4, 5], [5, 10], [5, 11], [3, 9], [3, 11]]]]
[[-1, [3, 11], [[2, 5], [2, 6], [1, 11], [1, 12], [4, 4], [4, 5], [5, 10], [5, 11], [3, 12], [3, 10]]]]
[[-1, [3, 12], [[2, 5], [2, 6], [1, 11], [1, 12], [4, 5], [4, 6], [5, 12], [5, 13], [3, 11], [3, 13]]]]
[[-1, [3, 13], [[2, 6], [2, 7], [1, 13], [1, 14], [4, 5], [4, 6], [5, 12], [5, 13], [3, 14], [3, 12]]]]
[[-1, [3, 14], [[2, 6], [2, 7], [1, 13], [1, 14], [4, 6], [4, 7], [5, 14], [5, 15], [3, 13], [3, 15]]]]
[[-1, [3, 15], [[2, 7], [2, 8], [1, 15], [1, 16], [4, 6], [4, 7], [5, 14], [5, 15], [3, 16], [3, 14]]]]
[[-1, [3, 16], [[2, 7], [2, 8], [1, 15], [1, 16], [4, 7], [4, 8], [5, 16], [5, 17], [3, 15], [3, 17]]]]
[[-1, [3, 17], [[2, 8], [2, 9], [1, 17], [1, 18], [4, 7], [4, 8], [5, 16], [5, 17], [3, 18], [3, 16]]]]
[[-2, [3, 18], [[2, 8], [2, 9], [1, 17], [1, 18], [4, 8], [4, 9], [5, 18], [5, 19], [3, 17], [3, 19]]]]
[[-1, [3, 19], [[2, 9], [2, 10], [1, 19], [1, 20], [4, 8], [4, 9], [5, 18], [5, 19], [3, 20], [3, 18]]]]
[[-1, [3, 20], [[2, 9], [2, 10], [1, 19], [1, 20], [4, 9], [4, 10], [5, 20], [5, 21], [3, 19], [3, 21]]]]
[[-1, [3, 21], [[2, 10], [2, 11], [1, 21], [1, 22], [4, 9], [4, 10], [5, 20], [5, 21], [3, 22], [3, 20]]]]
[[-2, [3, 22], [[2, 10], [2, 11], [1, 21], [1, 22], [4, 10], [4, 11], [5, 22], [5, 23], [3, 21], [3, 23]]]]
[[-1, [3, 23], [[2, 11], [2, 12], [1, 23], [1, 24], [4, 10], [4, 11], [5, 22], [5, 23], [3, 24], [3, 22]]]]
[[-1, [3, 24], [[2, 11], [2, 12], [1, 23], [1, 24], [4, 11], [4, 12], [5, 24], [5, 25], [3, 23], [3, 25]]]]
[[-1, [3, 25], [[2, 12], [2, 13], [1, 25], [1, 26], [4, 11], [4, 12], [5, 24], [5, 25], [3, 26], [3, 24]]]]
[[-1, [3, 26], [[2, 12], [2, 13], [1, 25], [1, 26], [4, 12], [4, 13], [5, 26], [5, 27], [3, 25], [3, 27]]]]
[[-1, [3, 27], [[2, 13], [2, 14], [1, 27], [1, 28], [4, 12], [4, 13], [5, 26], [5, 27], [3, 28], [3, 26]]]]
[[-1, [3, 28], [[2, 13], [2, 14], [1, 27], [1, 28], [4, 13], [4, 14], [5, 28], [5, 29], [3, 27], [3, 29]]]]
[[-1, [3, 29], [[2, 14], [1, 29], [4, 13], [4, 14], [5, 28], [5, 29], [3, 30], [3, 28]]]]
[[-1, [3, 30], [[2, 14], [1, 29], [4, 14], [5, 30], [5, 31], [3, 29]]]]
[[-1, [4, 1], [[3, 3], [3, 4], [5, 2], [5, 3], [5, 4], [4, 2]]]]
[[-2, [4, 2], [[3, 3], [3, 4], [3, 5], [3, 6], [5, 3], [5, 4], [5, 5], [5, 6], [4, 3], [4, 1]]]]
[[-1, [4, 3], [[3, 5], [3, 6], [3, 7], [3, 8], [5, 5], [5, 6], [5, 7], [5, 8], [4, 4], [4, 2]]]]
[[-2, [4, 4], [[3, 7], [3, 8], [3, 9], [3, 10], [5, 7], [5, 8], [5, 9], [5, 10], [4, 5], [4, 3]]]]
[[-1, [4, 5], [[3, 9], [3, 10], [3, 11], [3, 12], [5, 9], [5, 10], [5, 11], [5, 12], [4, 6], [4, 4]]]]
[[-2, [4, 6], [[3, 11], [3, 12], [3, 13], [3, 14], [5, 11], [5, 12], [5, 13], [5, 14], [4, 7], [4, 5]]]]
[[-2, [4, 7], [[3, 13], [3, 14], [3, 15], [3, 16], [5, 13], [5, 14], [5, 15], [5, 16], [4, 8], [4, 6]]]]
[[-2, [4, 8], [[3, 15], [3, 16], [3, 17], [3, 18], [5, 15], [5, 16], [5, 17], [5, 18], [4, 9], [4, 7]]]]
[[-1, [4, 9], [[3, 17], [3, 18], [3, 19], [3, 20], [5, 17], [5, 18], [5, 19], [5, 20], [4, 10], [4, 8]]]]
[[-2, [4, 10], [[3, 19], [3, 20], [3, 21], [3, 22], [5, 19], [5, 20], [5, 21], [5, 22], [4, 11], [4, 9]]]]
[[-1, [4, 11], [[3, 21], [3, 22], [3, 23], [3, 24], [5, 21], [5, 22], [5, 23], [5, 24], [4, 12], [4, 10]]]]
[[-1, [4, 12], [[3, 23], [3, 24], [3, 25], [3, 26], [5, 23], [5, 24], [5, 25], [5, 26], [4, 13], [4, 11]]]]
[[-1, [4, 13], [[3, 25], [3, 26], [3, 27], [3, 28], [5, 25], [5, 26], [5, 27], [5, 28], [4, 14], [4, 12]]]]
[[-1, [4, 14], [[3, 27], [3, 28], [3, 29], [3, 30], [5, 27], [5, 28], [5, 29], [5, 30], [4, 13]]]]
[[-2, [5, 2], [[4, 1], [3, 3], [6, 1], [7, 1], [7, 2], [5, 3]]]]
[[-2, [5, 3], [[4, 1], [3, 3], [6, 1], [6, 2], [7, 3], [7, 4], [5, 2], [5, 4]]]]
[[-1, [5, 4], [[4, 1], [4, 2], [3, 4], [3, 5], [6, 1], [6, 2], [7, 3], [7, 4], [5, 5], [5, 3]]]]
[[-2, [5, 5], [[4, 1], [4, 2], [3, 4], [3, 5], [6, 2], [6, 3], [7, 5], [7, 6], [5, 4], [5, 6]]]]
[[-1, [5, 6], [[4, 2], [4, 3], [3, 6], [3, 7], [6, 2], [6, 3], [7, 5], [7, 6], [5, 7], [5, 5]]]]
[[-1, [5, 7], [[4, 2], [4, 3], [3, 6], [3, 7], [6, 3], [6, 4], [7, 7], [7, 8], [5, 6], [5, 8]]]]
[[-1, [5, 8], [[4, 3], [4, 4], [3, 8], [3, 9], [6, 3], [6, 4], [7, 7], [7, 8], [5, 9], [5, 7]]]]
[[-1, [5, 9], [[4, 3], [4, 4], [3, 8], [3, 9], [6, 4], [6, 5], [7, 9], [7, 10], [5, 8], [5, 10]]]]
[[-2, [5, 10], [[4, 4], [4, 5], [3, 10], [3, 11], [6, 4], [6, 5], [7, 9], [7, 10], [5, 11], [5, 9]]]]
[[-1, [5, 11], [[4, 4], [4, 5], [3, 10], [3, 11], [6, 5], [6, 6], [7, 11], [7, 12], [5, 10], [5, 12]]]]
[[-1, [5, 12], [[4, 5], [4, 6], [3, 12], [3, 13], [6, 5], [6, 6], [7, 11], [7, 12], [5, 13], [5, 11]]]]
[[-1, [5, 13], [[4, 5], [4, 6], [3, 12], [3, 13], [6, 6], [6, 7], [7, 13], [7, 14], [5, 12], [5, 14]]]]
[[-2, [5, 14], [[4, 6], [4, 7], [3, 14], [3, 15], [6, 6], [6, 7], [7, 13], [7, 14], [5, 15], [5, 13]]]]
[[-2, [5, 15], [[4, 6], [4, 7], [3, 14], [3, 15], [6, 7], [6, 8], [7, 15], [7, 16], [5, 14], [5, 16]]]]
[[-1, [5, 16], [[4, 7], [4, 8], [3, 16], [3, 17], [6, 7], [6, 8], [7, 15], [7, 16], [5, 17], [5, 15]]]]
[[-2, [5, 17], [[4, 7], [4, 8], [3, 16], [3, 17], [6, 8], [6, 9], [7, 17], [7, 18], [5, 16], [5, 18]]]]
[[-1, [5, 18], [[4, 8], [4, 9], [3, 18], [3, 19], [6, 8], [6, 9], [7, 17], [7, 18], [5, 19], [5, 17]]]]
[[-1, [5, 19], [[4, 8], [4, 9], [3, 18], [3, 19], [6, 9], [6, 10], [7, 19], [7, 20], [5, 18], [5, 20]]]]
[[-1, [5, 20], [[4, 9], [4, 10], [3, 20], [3, 21], [6, 9], [6, 10], [7, 19], [7, 20], [5, 21], [5, 19]]]]
[[-2, [5, 21], [[4, 9], [4, 10], [3, 20], [3, 21], [6, 10], [6, 11], [7, 21], [7, 22], [5, 20], [5, 22]]]]
[[-1, [5, 22], [[4, 10], [4, 11], [3, 22], [3, 23], [6, 10], [6, 11], [7, 21], [7, 22], [5, 23], [5, 21]]]]
[[-1, [5, 23], [[4, 10], [4, 11], [3, 22], [3, 23], [6, 11], [6, 12], [7, 23], [7, 24], [5, 22], [5, 24]]]]
[[-1, [5, 24], [[4, 11], [4, 12], [3, 24], [3, 25], [6, 11], [6, 12], [7, 23], [7, 24], [5, 25], [5, 23]]]]
[[-1, [5, 25], [[4, 11], [4, 12], [3, 24], [3, 25], [6, 12], [6, 13], [7, 25], [7, 26], [5, 24], [5, 26]]]]
[[-1, [5, 26], [[4, 12], [4, 13], [3, 26], [3, 27], [6, 12], [6, 13], [7, 25], [7, 26], [5, 27], [5, 25]]]]
[[-1, [5, 27], [[4, 12], [4, 13], [3, 26], [3, 27], [6, 13], [6, 14], [7, 27], [7, 28], [5, 26], [5, 28]]]]
[[-1, [5, 28], [[4, 13], [4, 14], [3, 28], [3, 29], [6, 13], [6, 14], [7, 27], [7, 28], [5, 29], [5, 27]]]]
[[-1, [5, 29], [[4, 13], [4, 14], [3, 28], [3, 29], [6, 14], [6, 15], [7, 29], [7, 30], [5, 28], [5, 30]]]]
[[-1, [5, 30], [[4, 14], [3, 30], [6, 14], [6, 15], [7, 29], [7, 30], [5, 31], [5, 29]]]]
[[-1, [5, 31], [[4, 14], [3, 30], [6, 15], [7, 31], [7, 32], [5, 30]]]]
[[-1, [6, 1], [[5, 2], [5, 3], [5, 4], [7, 1], [7, 2], [7, 3], [7, 4], [6, 2]]]]
[[-2, [6, 2], [[5, 3], [5, 4], [5, 5], [5, 6], [7, 3], [7, 4], [7, 5], [7, 6], [6, 3], [6, 1]]]]
[[-1, [6, 3], [[5, 5], [5, 6], [5, 7], [5, 8], [7, 5], [7, 6], [7, 7], [7, 8], [6, 4], [6, 2]]]]
[[-1, [6, 4], [[5, 7], [5, 8], [5, 9], [5, 10], [7, 7], [7, 8], [7, 9], [7, 10], [6, 5], [6, 3]]]]
[[-1, [6, 5], [[5, 9], [5, 10], [5, 11], [5, 12], [7, 9], [7, 10], [7, 11], [7, 12], [6, 6], [6, 4]]]]
[[-1, [6, 6], [[5, 11], [5, 12], [5, 13], [5, 14], [7, 11], [7, 12], [7, 13], [7, 14], [6, 7], [6, 5]]]]
[[-1, [6, 7], [[5, 13], [5, 14], [5, 15], [5, 16], [7, 13], [7, 14], [7, 15], [7, 16], [6, 8], [6, 6]]]]
[[-2, [6, 8], [[5, 15], [5, 16], [5, 17], [5, 18], [7, 15], [7, 16], [7, 17], [7, 18], [6, 9], [6, 7]]]]
[[-1, [6, 9], [[5, 17], [5, 18], [5, 19], [5, 20], [7, 17], [7, 18], [7, 19], [7, 20], [6, 10], [6, 8]]]]
[[-2, [6, 10], [[5, 19], [5, 20], [5, 21], [5, 22], [7, 19], [7, 20], [7, 21], [7, 22], [6, 11], [6, 9]]]]
[[-1, [6, 11], [[5, 21], [5, 22], [5, 23], [5, 24], [7, 21], [7, 22], [7, 23], [7, 24], [6, 12], [6, 10]]]]
[[-1, [6, 12], [[5, 23], [5, 24], [5, 25], [5, 26], [7, 23], [7, 24], [7, 25], [7, 26], [6, 13], [6, 11]]]]
[[-1, [6, 13], [[5, 25], [5, 26], [5, 27], [5, 28], [7, 25], [7, 26], [7, 27], [7, 28], [6, 14], [6, 12]]]]
[[-1, [6, 14], [[5, 27], [5, 28], [5, 29], [5, 30], [7, 27], [7, 28], [7, 29], [7, 30], [6, 15], [6, 13]]]]
[[-1, [6, 15], [[5, 29], [5, 30], [5, 31], [7, 29], [7, 30], [7, 31], [7, 32], [6, 14]]]]
[[-1, [7, 1], [[6, 1], [5, 2], [8, 0], [9, 1], [7, 2]]]]
[[-2, [7, 2], [[6, 1], [5, 2], [8, 0], [8, 1], [9, 2], [9, 3], [7, 1], [7, 3]]]]
[[-2, [7, 3], [[6, 1], [6, 2], [5, 3], [5, 4], [8, 0], [8, 1], [9, 2], [9, 3], [7, 4], [7, 2]]]]
[[-1, [7, 4], [[6, 1], [6, 2], [5, 3], [5, 4], [8, 1], [8, 2], [9, 4], [9, 5], [7, 3], [7, 5]]]]
[[-1, [7, 5], [[6, 2], [6, 3], [5, 5], [5, 6], [8, 1], [8, 2], [9, 4], [9, 5], [7, 6], [7, 4]]]]
[[-1, [7, 6], [[6, 2], [6, 3], [5, 5], [5, 6], [8, 2], [8, 3], [9, 6], [9, 7], [7, 5], [7, 7]]]]
[[-1, [7, 7], [[6, 3], [6, 4], [5, 7], [5, 8], [8, 2], [8, 3], [9, 6], [9, 7], [7, 8], [7, 6]]]]
[[-1, [7, 8], [[6, 3], [6, 4], [5, 7], [5, 8], [8, 3], [8, 4], [9, 8], [9, 9], [7, 7], [7, 9]]]]
[[-1, [7, 9], [[6, 4], [6, 5], [5, 9], [5, 10], [8, 3], [8, 4], [9, 8], [9, 9], [7, 10], [7, 8]]]]
[[-2, [7, 10], [[6, 4], [6, 5], [5, 9], [5, 10], [8, 4], [8, 5], [9, 10], [9, 11], [7, 9], [7, 11]]]]
[[-2, [7, 11], [[6, 5], [6, 6], [5, 11], [5, 12], [8, 4], [8, 5], [9, 10], [9, 11], [7, 12], [7, 10]]]]
[[-2, [7, 12], [[6, 5], [6, 6], [5, 11], [5, 12], [8, 5], [8, 6], [9, 12], [9, 13], [7, 11], [7, 13]]]]
[[-2, [7, 13], [[6, 6], [6, 7], [5, 13], [5, 14], [8, 5], [8, 6], [9, 12], [9, 13], [7, 14], [7, 12]]]]
[[-1, [7, 14], [[6, 6], [6, 7], [5, 13], [5, 14], [8, 6], [8, 7], [9, 14], [9, 15], [7, 13], [7, 15]]]]
[[-2, [7, 15], [[6, 7], [6, 8], [5, 15], [5, 16], [8, 6], [8, 7], [9, 14], [9, 15], [7, 16], [7, 14]]]]
[[-2, [7, 16], [[6, 7], [6, 8], [5, 15], [5, 16], [8, 7], [8, 8], [9, 16], [9, 17], [7, 15], [7, 17]]]]
[[-2, [7, 17], [[6, 8], [6, 9], [5, 17], [5, 18], [8, 7], [8, 8], [9, 16], [9, 17], [7, 18], [7, 16]]]]
[[-2, [7, 18], [[6, 8], [6, 9], [5, 17], [5, 18], [8, 8], [8, 9], [9, 18], [9, 19], [7, 17], [7, 19]]]]
[[-2, [7, 19], [[6, 9], [6, 10], [5, 19], [5, 20], [8, 8], [8, 9], [9, 18], [9, 19], [7, 20], [7, 18]]]]
[[-2, [7, 20], [[6, 9], [6, 10], [5, 19], [5, 20], [8, 9], [8, 10], [9, 20], [9, 21], [7, 19], [7, 21]]]]
[[-1, [7, 21], [[6, 10], [6, 11], [5, 21], [5, 22], [8, 9], [8, 10], [9, 20], [9, 21], [7, 22], [7, 20]]]]
[[-1, [7, 22], [[6, 10], [6, 11], [5, 21], [5, 22], [8, 10], [8, 11], [9, 22], [9, 23], [7, 21], [7, 23]]]]
[[-1, [7, 23], [[6, 11], [6, 12], [5, 23], [5, 24], [8, 10], [8, 11], [9, 22], [9, 23], [7, 24], [7, 22]]]]
[[-1, [7, 24], [[6, 11], [6, 12], [5, 23], [5, 24], [8, 11], [8, 12], [9, 24], [9, 25], [7, 23], [7, 25]]]]
[[-1, [7, 25], [[6, 12], [6, 13], [5, 25], [5, 26], [8, 11], [8, 12], [9, 24], [9, 25], [7, 26], [7, 24]]]]
[[-1, [7, 26], [[6, 12], [6, 13], [5, 25], [5, 26], [8, 12], [8, 13], [9, 26], [9, 27], [7, 25], [7, 27]]]]
[[-1, [7, 27], [[6, 13], [6, 14], [5, 27], [5, 28], [8, 12], [8, 13], [9, 26], [9, 27], [7, 28], [7, 26]]]]
[[-1, [7, 28], [[6, 13], [6, 14], [5, 27], [5, 28], [8, 13], [8, 14], [9, 28], [9, 29], [7, 27], [7, 29]]]]
[[-1, [7, 29], [[6, 14], [6, 15], [5, 29], [5, 30], [8, 13], [8, 14], [9, 28], [9, 29], [7, 30], [7, 28]]]]
[[-1, [7, 30], [[6, 14], [6, 15], [5, 29], [5, 30], [8, 14], [8, 15], [9, 30], [9, 31], [7, 29], [7, 31]]]]
[[-1, [7, 31], [[6, 15], [5, 31], [8, 14], [8, 15], [9, 30], [9, 31], [7, 32], [7, 30]]]]
[[-1, [7, 32], [[6, 15], [5, 31], [8, 15], [9, 32], [7, 31]]]]
[[-2, [8, 0], [[7, 1], [7, 2], [9, 1], [9, 2], [8, 1]]]]
[[-1, [8, 1], [[7, 1], [7, 2], [7, 3], [7, 4], [9, 1], [9, 2], [9, 3], [9, 4], [8, 2], [8, 0]]]]
[[-1, [8, 2], [[7, 3], [7, 4], [7, 5], [7, 6], [9, 3], [9, 4], [9, 5], [9, 6], [8, 3], [8, 1]]]]
[[-1, [8, 3], [[7, 5], [7, 6], [7, 7], [7, 8], [9, 5], [9, 6], [9, 7], [9, 8], [8, 4], [8, 2]]]]
[[-2, [8, 4], [[7, 7], [7, 8], [7, 9], [7, 10], [9, 7], [9, 8], [9, 9], [9, 10], [8, 5], [8, 3]]]]
[[-2, [8, 5], [[7, 9], [7, 10], [7, 11], [7, 12], [9, 9], [9, 10], [9, 11], [9, 12], [8, 6], [8, 4]]]]
[[-1, [8, 6], [[7, 11], [7, 12], [7, 13], [7, 14], [9, 11], [9, 12], [9, 13], [9, 14], [8, 7], [8, 5]]]]
[[-1, [8, 7], [[7, 13], [7, 14], [7, 15], [7, 16], [9, 13], [9, 14], [9, 15], [9, 16], [8, 8], [8, 6]]]]
[[-1, [8, 8], [[7, 15], [7, 16], [7, 17], [7, 18], [9, 15], [9, 16], [9, 17], [9, 18], [8, 9], [8, 7]]]]
[[-2, [8, 9], [[7, 17], [7, 18], [7, 19], [7, 20], [9, 17], [9, 18], [9, 19], [9, 20], [8, 10], [8, 8]]]]
[[-1, [8, 10], [[7, 19], [7, 20], [7, 21], [7, 22], [9, 19], [9, 20], [9, 21], [9, 22], [8, 11], [8, 9]]]]
[[-1, [8, 11], [[7, 21], [7, 22], [7, 23], [7, 24], [9, 21], [9, 22], [9, 23], [9, 24], [8, 12], [8, 10]]]]
[[-1, [8, 12], [[7, 23], [7, 24], [7, 25], [7, 26], [9, 23], [9, 24], [9, 25], [9, 26], [8, 13], [8, 11]]]]
[[-1, [8, 13], [[7, 25], [7, 26], [7, 27], [7, 28], [9, 25], [9, 26], [9, 27], [9, 28], [8, 14], [8, 12]]]]
[[-1, [8, 14], [[7, 27], [7, 28], [7, 29], [7, 30], [9, 27], [9, 28], [9, 29], [9, 30], [8, 15], [8, 13]]]]
[[-1, [8, 15], [[7, 29], [7, 30], [7, 31], [7, 32], [9, 29], [9, 30], [9, 31], [9, 32], [8, 14]]]]
[[-2, [9, 1], [[8, 0], [7, 1], [10, 1], [11, 1], [11, 2], [9, 2]]]]
[[-2, [9, 2], [[8, 0], [8, 1], [7, 2], [7, 3], [10, 1], [11, 1], [11, 2], [9, 3], [9, 1]]]]
[[-2, [9, 3], [[8, 0], [8, 1], [7, 2], [7, 3], [10, 1], [10, 2], [11, 3], [11, 4], [9, 2], [9, 4]]]]
[[-2, [9, 4], [[8, 1], [8, 2], [7, 4], [7, 5], [10, 1], [10, 2], [11, 3], [11, 4], [9, 5], [9, 3]]]]
[[-2, [9, 5], [[8, 1], [8, 2], [7, 4], [7, 5], [10, 2], [10, 3], [11, 5], [11, 6], [9, 4], [9, 6]]]]
[[-2, [9, 6], [[8, 2], [8, 3], [7, 6], [7, 7], [10, 2], [10, 3], [11, 5], [11, 6], [9, 7], [9, 5]]]]
[[-2, [9, 7], [[8, 2], [8, 3], [7, 6], [7, 7], [10, 3], [10, 4], [11, 7], [11, 8], [9, 6], [9, 8]]]]
[[-2, [9, 8], [[8, 3], [8, 4], [7, 8], [7, 9], [10, 3], [10, 4], [11, 7], [11, 8], [9, 9], [9, 7]]]]
[[-2, [9, 9], [[8, 3], [8, 4], [7, 8], [7, 9], [10, 4], [10, 5], [11, 9], [11, 10], [9, 8], [9, 10]]]]
[[-1, [9, 10], [[8, 4], [8, 5], [7, 10], [7, 11], [10, 4], [10, 5], [11, 9], [11, 10], [9, 11], [9, 9]]]]
[[-1, [9, 11], [[8, 4], [8, 5], [7, 10], [7, 11], [10, 5], [10, 6], [11, 11], [11, 12], [9, 10], [9, 12]]]]
[[-2, [9, 12], [[8, 5], [8, 6], [7, 12], [7, 13], [10, 5], [10, 6], [11, 11], [11, 12], [9, 13], [9, 11]]]]
[[-1, [9, 13], [[8, 5], [8, 6], [7, 12], [7, 13], [10, 6], [10, 7], [11, 13], [11, 14], [9, 12], [9, 14]]]]
[[-1, [9, 14], [[8, 6], [8, 7], [7, 14], [7, 15], [10, 6], [10, 7], [11, 13], [11, 14], [9, 15], [9, 13]]]]
[[-1, [9, 15], [[8, 6], [8, 7], [7, 14], [7, 15], [10, 7], [10, 8], [11, 15], [11, 16], [9, 14], [9, 16]]]]
[[-1, [9, 16], [[8, 7], [8, 8], [7, 16], [7, 17], [10, 7], [10, 8], [11, 15], [11, 16], [9, 17], [9, 15]]]]
[[-1, [9, 17], [[8, 7], [8, 8], [7, 16], [7, 17], [10, 8], [10, 9], [11, 17], [11, 18], [9, 16], [9, 18]]]]
[[-1, [9, 18], [[8, 8], [8, 9], [7, 18], [7, 19], [10, 8], [10, 9], [11, 17], [11, 18], [9, 19], [9, 17]]]]
[[-1, [9, 19], [[8, 8], [8, 9], [7, 18], [7, 19], [10, 9], [10, 10], [11, 19], [11, 20], [9, 18], [9, 20]]]]
[[-2, [9, 20], [[8, 9], [8, 10], [7, 20], [7, 21], [10, 9], [10, 10], [11, 19], [11, 20], [9, 21], [9, 19]]]]
[[-2, [9, 21], [[8, 9], [8, 10], [7, 20], [7, 21], [10, 10], [10, 11], [11, 21], [11, 22], [9, 20], [9, 22]]]]
[[-2, [9, 22], [[8, 10], [8, 11], [7, 22], [7, 23], [10, 10], [10, 11], [11, 21], [11, 22], [9, 23], [9, 21]]]]
[[-1, [9, 23], [[8, 10], [8, 11], [7, 22], [7, 23], [10, 11], [10, 12], [11, 23], [11, 24], [9, 22], [9, 24]]]]
[[-1, [9, 24], [[8, 11], [8, 12], [7, 24], [7, 25], [10, 11], [10, 12], [11, 23], [11, 24], [9, 25], [9, 23]]]]
[[-1, [9, 25], [[8, 11], [8, 12], [7, 24], [7, 25], [10, 12], [10, 13], [11, 25], [11, 26], [9, 24], [9, 26]]]]
[[-1, [9, 26], [[8, 12], [8, 13], [7, 26], [7, 27], [10, 12], [10, 13], [11, 25], [11, 26], [9, 27], [9, 25]]]]
[[-1, [9, 27], [[8, 12], [8, 13], [7, 26], [7, 27], [10, 13], [10, 14], [11, 27], [11, 28], [9, 26], [9, 28]]]]
[[-1, [9, 28], [[8, 13], [8, 14], [7, 28], [7, 29], [10, 13], [10, 14], [11, 27], [11, 28], [9, 29], [9, 27]]]]
[[-1, [9, 29], [[8, 13], [8, 14], [7, 28], [7, 29], [10, 14], [10, 15], [11, 29], [11, 30], [9, 28], [9, 30]]]]
[[-1, [9, 30], [[8, 14], [8, 15], [7, 30], [7, 31], [10, 14], [10, 15], [11, 29], [11, 30], [9, 31], [9, 29]]]]
[[-1, [9, 31], [[8, 14], [8, 15], [7, 30], [7, 31], [10, 15], [11, 31], [11, 32], [9, 30], [9, 32]]]]
[[-1, [9, 32], [[8, 15], [7, 32], [10, 15], [11, 31], [11, 32], [9, 31]]]]
[[-1, [10, 1], [[9, 1], [9, 2], [9, 3], [9, 4], [11, 1], [11, 2], [11, 3], [11, 4], [10, 2]]]]
[[-1, [10, 2], [[9, 3], [9, 4], [9, 5], [9, 6], [11, 3], [11, 4], [11, 5], [11, 6], [10, 3], [10, 1]]]]
[[-1, [10, 3], [[9, 5], [9, 6], [9, 7], [9, 8], [11, 5], [11, 6], [11, 7], [11, 8], [10, 4], [10, 2]]]]
[[-1, [10, 4], [[9, 7], [9, 8], [9, 9], [9, 10], [11, 7], [11, 8], [11, 9], [11, 10], [10, 5], [10, 3]]]]
[[-1, [10, 5], [[9, 9], [9, 10], [9, 11], [9, 12], [11, 9], [11, 10], [11, 11], [11, 12], [10, 6], [10, 4]]]]
[[-2, [10, 6], [[9, 11], [9, 12], [9, 13], [9, 14], [11, 11], [11, 12], [11, 13], [11, 14], [10, 7], [10, 5]]]]
[[-1, [10, 7], [[9, 13], [9, 14], [9, 15], [9, 16], [11, 13], [11, 14], [11, 15], [11, 16], [10, 8], [10, 6]]]]
[[-1, [10, 8], [[9, 15], [9, 16], [9, 17], [9, 18], [11, 15], [11, 16], [11, 17], [11, 18], [10, 9], [10, 7]]]]
[[-1, [10, 9], [[9, 17], [9, 18], [9, 19], [9, 20], [11, 17], [11, 18], [11, 19], [11, 20], [10, 10], [10, 8]]]]
[[-1, [10, 10], [[9, 19], [9, 20], [9, 21], [9, 22], [11, 19], [11, 20], [11, 21], [11, 22], [10, 11], [10, 9]]]]
[[-2, [10, 11], [[9, 21], [9, 22], [9, 23], [9, 24], [11, 21], [11, 22], [11, 23], [11, 24], [10, 12], [10, 10]]]]
[[-1, [10, 12], [[9, 23], [9, 24], [9, 25], [9, 26], [11, 23], [11, 24], [11, 25], [11, 26], [10, 13], [10, 11]]]]
[[-1, [10, 13], [[9, 25], [9, 26], [9, 27], [9, 28], [11, 25], [11, 26], [11, 27], [11, 28], [10, 14], [10, 12]]]]
[[-1, [10, 14], [[9, 27], [9, 28], [9, 29], [9, 30], [11, 27], [11, 28], [11, 29], [11, 30], [10, 15], [10, 13]]]]
[[-1, [10, 15], [[9, 29], [9, 30], [9, 31], [9, 32], [11, 29], [11, 30], [11, 31], [11, 32], [10, 14]]]]
[[-2, [11, 1], [[10, 1], [9, 1], [9, 2], [12, 0], [13, 1], [11, 2]]]]
[[-2, [11, 2], [[10, 1], [9, 1], [9, 2], [12, 0], [12, 1], [13, 2], [13, 3], [11, 1], [11, 3]]]]
[[-2, [11, 3], [[10, 1], [10, 2], [9, 3], [9, 4], [12, 0], [12, 1], [13, 2], [13, 3], [11, 4], [11, 2]]]]
[[-1, [11, 4], [[10, 1], [10, 2], [9, 3], [9, 4], [12, 1], [12, 2], [13, 4], [13, 5], [11, 3], [11, 5]]]]
[[-1, [11, 5], [[10, 2], [10, 3], [9, 5], [9, 6], [12, 1], [12, 2], [13, 4], [13, 5], [11, 6], [11, 4]]]]
[[-1, [11, 6], [[10, 2], [10, 3], [9, 5], [9, 6], [12, 2], [12, 3], [13, 6], [13, 7], [11, 5], [11, 7]]]]
[[-1, [11, 7], [[10, 3], [10, 4], [9, 7], [9, 8], [12, 2], [12, 3], [13, 6], [13, 7], [11, 8], [11, 6]]]]
[[-1, [11, 8], [[10, 3], [10, 4], [9, 7], [9, 8], [12, 3], [12, 4], [13, 8], [13, 9], [11, 7], [11, 9]]]]
[[-1, [11, 9], [[10, 4], [10, 5], [9, 9], [9, 10], [12, 3], [12, 4], [13, 8], [13, 9], [11, 10], [11, 8]]]]
[[-1, [11, 10], [[10, 4], [10, 5], [9, 9], [9, 10], [12, 4], [12, 5], [13, 10], [13, 11], [11, 9], [11, 11]]]]
[[-1, [11, 11], [[10, 5], [10, 6], [9, 11], [9, 12], [12, 4], [12, 5], [13, 10], [13, 11], [11, 12], [11, 10]]]]
[[-1, [11, 12], [[10, 5], [10, 6], [9, 11], [9, 12], [12, 5], [12, 6], [13, 12], [13, 13], [11, 11], [11, 13]]]]
[[-2, [11, 13], [[10, 6], [10, 7], [9, 13], [9, 14], [12, 5], [12, 6], [13, 12], [13, 13], [11, 14], [11, 12]]]]
[[-1, [11, 14], [[10, 6], [10, 7], [9, 13], [9, 14], [12, 6], [12, 7], [13, 14], [13, 15], [11, 13], [11, 15]]]]
[[-1, [11, 15], [[10, 7], [10, 8], [9, 15], [9, 16], [12, 6], [12, 7], [13, 14], [13, 15], [11, 16], [11, 14]]]]
[[-1, [11, 16], [[10, 7], [10, 8], [9, 15], [9, 16], [12, 7], [12, 8], [13, 16], [13, 17], [11, 15], [11, 17]]]]
[[-1, [11, 17], [[10, 8], [10, 9], [9, 17], [9, 18], [12, 7], [12, 8], [13, 16], [13, 17], [11, 18], [11, 16]]]]
[[-1, [11, 18], [[10, 8], [10, 9], [9, 17], [9, 18], [12, 8], [12, 9], [13, 18], [13, 19], [11, 17], [11, 19]]]]
[[-1, [11, 19], [[10, 9], [10, 10], [9, 19], [9, 20], [12, 8], [12, 9], [13, 18], [13, 19], [11, 20], [11, 18]]]]
[[-1, [11, 20], [[10, 9], [10, 10], [9, 19], [9, 20], [12, 9], [12, 10], [13, 20], [13, 21], [11, 19], [11, 21]]]]
[[-1, [11, 21], [[10, 10], [10, 11], [9, 21], [9, 22], [12, 9], [12, 10], [13, 20], [13, 21], [11, 22], [11, 20]]]]
[[-1, [11, 22], [[10, 10], [10, 11], [9, 21], [9, 22], [12, 10], [12, 11], [13, 22], [13, 23], [11, 21], [11, 23]]]]
[[-2, [11, 23], [[10, 11], [10, 12], [9, 23], [9, 24], [12, 10], [12, 11], [13, 22], [13, 23], [11, 24], [11, 22]]]]
[[-1, [11, 24], [[10, 11], [10, 12], [9, 23], [9, 24], [12, 11], [12, 12], [13, 24], [13, 25], [11, 23], [11, 25]]]]
[[-1, [11, 25], [[10, 12], [10, 13], [9, 25], [9, 26], [12, 11], [12, 12], [13, 24], [13, 25], [11, 26], [11, 24]]]]
[[-1, [11, 26], [[10, 12], [10, 13], [9, 25], [9, 26], [12, 12], [12, 13], [13, 26], [13, 27], [11, 25], [11, 27]]]]
[[-1, [11, 27], [[10, 13], [10, 14], [9, 27], [9, 28], [12, 12], [12, 13], [13, 26], [13, 27], [11, 28], [11, 26]]]]
[[-1, [11, 28], [[10, 13], [10, 14], [9, 27], [9, 28], [12, 13], [12, 14], [13, 28], [13, 29], [11, 27], [11, 29]]]]
[[-1, [11, 29], [[10, 14], [10, 15], [9, 29], [9, 30], [12, 13], [12, 14], [13, 28], [13, 29], [11, 30], [11, 28]]]]
[[-1, [11, 30], [[10, 14], [10, 15], [9, 29], [9, 30], [12, 14], [12, 15], [13, 30], [13, 31], [11, 29], [11, 31]]]]
[[-1, [11, 31], [[10, 15], [9, 31], [9, 32], [12, 14], [12, 15], [13, 30], [13, 31], [11, 32], [11, 30]]]]
[[-1, [11, 32], [[10, 15], [9, 31], [9, 32], [12, 15], [13, 32], [11, 31]]]]
[[-1, [12, 0], [[11, 1], [11, 2], [13, 1], [13, 2], [12, 1]]]]
[[-2, [12, 1], [[11, 1], [11, 2], [11, 3], [11, 4], [13, 1], [13, 2], [13, 3], [13, 4], [12, 2], [12, 0]]]]
[[-1, [12, 2], [[11, 3], [11, 4], [11, 5], [11, 6], [13, 3], [13, 4], [13, 5], [13, 6], [12, 3], [12, 1]]]]
[[-1, [12, 3], [[11, 5], [11, 6], [11, 7], [11, 8], [13, 5], [13, 6], [13, 7], [13, 8], [12, 4], [12, 2]]]]
[[-1, [12, 4], [[11, 7], [11, 8], [11, 9], [11, 10], [13, 7], [13, 8], [13, 9], [13, 10], [12, 5], [12, 3]]]]
[[-1, [12, 5], [[11, 9], [11, 10], [11, 11], [11, 12], [13, 9], [13, 10], [13, 11], [13, 12], [12, 6], [12, 4]]]]
[[-2, [12, 6], [[11, 11], [11, 12], [11, 13], [11, 14], [13, 11], [13, 12], [13, 13], [13, 14], [12, 7], [12, 5]]]]
[[-1, [12, 7], [[11, 13], [11, 14], [11, 15], [11, 16], [13, 13], [13, 14], [13, 15], [13, 16], [12, 8], [12, 6]]]]
[[-1, [12, 8], [[11, 15], [11, 16], [11, 17], [11, 18], [13, 15], [13, 16], [13, 17], [13, 18], [12, 9], [12, 7]]]]
[[-1, [12, 9], [[11, 17], [11, 18], [11, 19], [11, 20], [13, 17], [13, 18], [13, 19], [13, 20], [12, 10], [12, 8]]]]
[[-1, [12, 10], [[11, 19], [11, 20], [11, 21], [11, 22], [13, 19], [13, 20], [13, 21], [13, 22], [12, 11], [12, 9]]]]
[[-1, [12, 11], [[11, 21], [11, 22], [11, 23], [11, 24], [13, 21], [13, 22], [13, 23], [13, 24], [12, 12], [12, 10]]]]
[[-1, [12, 12], [[11, 23], [11, 24], [11, 25], [11, 26], [13, 23], [13, 24], [13, 25], [13, 26], [12, 13], [12, 11]]]]
[[-1, [12, 13], [[11, 25], [11, 26], [11, 27], [11, 28], [13, 25], [13, 26], [13, 27], [13, 28], [12, 14], [12, 12]]]]
[[-1, [12, 14], [[11, 27], [11, 28], [11, 29], [11, 30], [13, 27], [13, 28], [13, 29], [13, 30], [12, 15], [12, 13]]]]
[[-1, [12, 15], [[11, 29], [11, 30], [11, 31], [11, 32], [13, 29], [13, 30], [13, 31], [13, 32], [12, 14]]]]
[[-1, [13, 1], [[12, 0], [11, 1], [14, 1], [15, 1], [15, 2], [13, 2]]]]
[[-1, [13, 2], [[12, 0], [12, 1], [11, 2], [11, 3], [14, 1], [15, 1], [15, 2], [13, 3], [13, 1]]]]
[[-1, [13, 3], [[12, 0], [12, 1], [11, 2], [11, 3], [14, 1], [14, 2], [15, 3], [15, 4], [13, 2], [13, 4]]]]
[[-2, [13, 4], [[12, 1], [12, 2], [11, 4], [11, 5], [14, 1], [14, 2], [15, 3], [15, 4], [13, 5], [13, 3]]]]
[[-1, [13, 5], [[12, 1], [12, 2], [11, 4], [11, 5], [14, 2], [14, 3], [15, 5], [15, 6], [13, 4], [13, 6]]]]
[[-1, [13, 6], [[12, 2], [12, 3], [11, 6], [11, 7], [14, 2], [14, 3], [15, 5], [15, 6], [13, 7], [13, 5]]]]
[[-1, [13, 7], [[12, 2], [12, 3], [11, 6], [11, 7], [14, 3], [14, 4], [15, 7], [15, 8], [13, 6], [13, 8]]]]
[[-1, [13, 8], [[12, 3], [12, 4], [11, 8], [11, 9], [14, 3], [14, 4], [15, 7], [15, 8], [13, 9], [13, 7]]]]
[[-1, [13, 9], [[12, 3], [12, 4], [11, 8], [11, 9], [14, 4], [14, 5], [15, 9], [15, 10], [13, 8], [13, 10]]]]
[[-1, [13, 10], [[12, 4], [12, 5], [11, 10], [11, 11], [14, 4], [14, 5], [15, 9], [15, 10], [13, 11], [13, 9]]]]
[[-1, [13, 11], [[12, 4], [12, 5], [11, 10], [11, 11], [14, 5], [14, 6], [15, 11], [15, 12], [13, 10], [13, 12]]]]
[[-1, [13, 12], [[12, 5], [12, 6], [11, 12], [11, 13], [14, 5], [14, 6], [15, 11], [15, 12], [13, 13], [13, 11]]]]
[[-2, [13, 13], [[12, 5], [12, 6], [11, 12], [11, 13], [14, 6], [14, 7], [15, 13], [15, 14], [13, 12], [13, 14]]]]
[[-1, [13, 14], [[12, 6], [12, 7], [11, 14], [11, 15], [14, 6], [14, 7], [15, 13], [15, 14], [13, 15], [13, 13]]]]
[[-1, [13, 15], [[12, 6], [12, 7], [11, 14], [11, 15], [14, 7], [14, 8], [15, 15], [15, 16], [13, 14], [13, 16]]]]
[[-1, [13, 16], [[12, 7], [12, 8], [11, 16], [11, 17], [14, 7], [14, 8], [15, 15], [15, 16], [13, 17], [13, 15]]]]
[[-1, [13, 17], [[12, 7], [12, 8], [11, 16], [11, 17], [14, 8], [14, 9], [15, 17], [15, 18], [13, 16], [13, 18]]]]
[[-1, [13, 18], [[12, 8], [12, 9], [11, 18], [11, 19], [14, 8], [14, 9], [15, 17], [15, 18], [13, 19], [13, 17]]]]
[[-1, [13, 19], [[12, 8], [12, 9], [11, 18], [11, 19], [14, 9], [14, 10], [15, 19], [15, 20], [13, 18], [13, 20]]]]
[[-1, [13, 20], [[12, 9], [12, 10], [11, 20], [11, 21], [14, 9], [14, 10], [15, 19], [15, 20], [13, 21], [13, 19]]]]
[[-1, [13, 21], [[12, 9], [12, 10], [11, 20], [11, 21], [14, 10], [14, 11], [15, 21], [15, 22], [13, 20], [13, 22]]]]
[[-1, [13, 22], [[12, 10], [12, 11], [11, 22], [11, 23], [14, 10], [14, 11], [15, 21], [15, 22], [13, 23], [13, 21]]]]
[[-1, [13, 23], [[12, 10], [12, 11], [11, 22], [11, 23], [14, 11], [14, 12], [15, 23], [15, 24], [13, 22], [13, 24]]]]
[[-2, [13, 24], [[12, 11], [12, 12], [11, 24], [11, 25], [14, 11], [14, 12], [15, 23], [15, 24], [13, 25], [13, 23]]]]
[[-1, [13, 25], [[12, 11], [12, 12], [11, 24], [11, 25], [14, 12], [14, 13], [15, 25], [15, 26], [13, 24], [13, 26]]]]
[[-1, [13, 26], [[12, 12], [12, 13], [11, 26], [11, 27], [14, 12], [14, 13], [15, 25], [15, 26], [13, 27], [13, 25]]]]
[[-1, [13, 27], [[12, 12], [12, 13], [11, 26], [11, 27], [14, 13], [14, 14], [15, 27], [15, 28], [13, 26], [13, 28]]]]
[[-1, [13, 28], [[12, 13], [12, 14], [11, 28], [11, 29], [14, 13], [14, 14], [15, 27], [15, 28], [13, 29], [13, 27]]]]
[[-1, [13, 29], [[12, 13], [12, 14], [11, 28], [11, 29], [14, 14], [14, 15], [15, 29], [15, 30], [13, 28], [13, 30]]]]
[[-1, [13, 30], [[12, 14], [12, 15], [11, 30], [11, 31], [14, 14], [14, 15], [15, 29], [15, 30], [13, 31], [13, 29]]]]
[[-1, [13, 31], [[12, 14], [12, 15], [11, 30], [11, 31], [14, 15], [15, 31], [15, 32], [13, 30], [13, 32]]]]
[[-1, [13, 32], [[12, 15], [11, 32], [14, 15], [15, 31], [15, 32], [13, 31]]]]
[[-1, [14, 1], [[13, 1], [13, 2], [13, 3], [13, 4], [15, 1], [15, 2], [15, 3], [15, 4], [14, 2]]]]
[[-2, [14, 2], [[13, 3], [13, 4], [13, 5], [13, 6], [15, 3], [15, 4], [15, 5], [15, 6], [14, 3], [14, 1]]]]
[[-1, [14, 3], [[13, 5], [13, 6], [13, 7], [13, 8], [15, 5], [15, 6], [15, 7], [15, 8], [14, 4], [14, 2]]]]
[[-1, [14, 4], [[13, 7], [13, 8], [13, 9], [13, 10], [15, 7], [15, 8], [15, 9], [15, 10], [14, 5], [14, 3]]]]
[[-1, [14, 5], [[13, 9], [13, 10], [13, 11], [13, 12], [15, 9], [15, 10], [15, 11], [15, 12], [14, 6], [14, 4]]]]
[[-1, [14, 6], [[13, 11], [13, 12], [13, 13], [13, 14], [15, 11], [15, 12], [15, 13], [15, 14], [14, 7], [14, 5]]]]
[[-1, [14, 7], [[13, 13], [13, 14], [13, 15], [13, 16], [15, 13], [15, 14], [15, 15], [15, 16], [14, 8], [14, 6]]]]
[[-1, [14, 8], [[13, 15], [13, 16], [13, 17], [13, 18], [15, 15], [15, 16], [15, 17], [15, 18], [14, 9], [14, 7]]]]
[[-1, [14, 9], [[13, 17], [13, 18], [13, 19], [13, 20], [15, 17], [15, 18], [15, 19], [15, 20], [14, 10], [14, 8]]]]
[[-1, [14, 10], [[13, 19], [13, 20], [13, 21], [13, 22], [15, 19], [15, 20], [15, 21], [15, 22], [14, 11], [14, 9]]]]
[[-1, [14, 11], [[13, 21], [13, 22], [13, 23], [13, 24], [15, 21], [15, 22], [15, 23], [15, 24], [14, 12], [14, 10]]]]
[[-2, [14, 12], [[13, 23], [13, 24], [13, 25], [13, 26], [15, 23], [15, 24], [15, 25], [15, 26], [14, 13], [14, 11]]]]
[[-1, [14, 13], [[13, 25], [13, 26], [13, 27], [13, 28], [15, 25], [15, 26], [15, 27], [15, 28], [14, 14], [14, 12]]]]
[[-1, [14, 14], [[13, 27], [13, 28], [13, 29], [13, 30], [15, 27], [15, 28], [15, 29], [15, 30], [14, 15], [14, 13]]]]
[[-1, [14, 15], [[13, 29], [13, 30], [13, 31], [13, 32], [15, 29], [15, 30], [15, 31], [15, 32], [14, 14]]]]
[[-2, [15, 1], [[14, 1], [13, 1], [13, 2], [16, 0], [17, 0], [17, 1], [15, 2]]]]
[[-2, [15, 2], [[14, 1], [13, 1], [13, 2], [16, 0], [16, 1], [17, 2], [17, 3], [15, 1], [15, 3]]]]
[[-2, [15, 3], [[14, 1], [14, 2], [13, 3], [13, 4], [16, 0], [16, 1], [17, 2], [17, 3], [15, 4], [15, 2]]]]
[[-2, [15, 4], [[14, 1], [14, 2], [13, 3], [13, 4], [16, 1], [16, 2], [17, 4], [17, 5], [15, 3], [15, 5]]]]
[[-1, [15, 5], [[14, 2], [14, 3], [13, 5], [13, 6], [16, 1], [16, 2], [17, 4], [17, 5], [15, 6], [15, 4]]]]
[[-1, [15, 6], [[14, 2], [14, 3], [13, 5], [13, 6], [16, 2], [16, 3], [17, 6], [17, 7], [15, 5], [15, 7]]]]
[[-1, [15, 7], [[14, 3], [14, 4], [13, 7], [13, 8], [16, 2], [16, 3], [17, 6], [17, 7], [15, 8], [15, 6]]]]
[[-1, [15, 8], [[14, 3], [14, 4], [13, 7], [13, 8], [16, 3], [16, 4], [17, 8], [17, 9], [15, 7], [15, 9]]]]
[[-1, [15, 9], [[14, 4], [14, 5], [13, 9], [13, 10], [16, 3], [16, 4], [17, 8], [17, 9], [15, 10], [15, 8]]]]
[[-1, [15, 10], [[14, 4], [14, 5], [13, 9], [13, 10], [16, 4], [16, 5], [17, 10], [17, 11], [15, 9], [15, 11]]]]
[[-1, [15, 11], [[14, 5], [14, 6], [13, 11], [13, 12], [16, 4], [16, 5], [17, 10], [17, 11], [15, 12], [15, 10]]]]
[[-1, [15, 12], [[14, 5], [14, 6], [13, 11], [13, 12], [16, 5], [16, 6], [17, 12], [17, 13], [15, 11], [15, 13]]]]
[[-1, [15, 13], [[14, 6], [14, 7], [13, 13], [13, 14], [16, 5], [16, 6], [17, 12], [17, 13], [15, 14], [15, 12]]]]
[[-1, [15, 14], [[14, 6], [14, 7], [13, 13], [13, 14], [16, 6], [16, 7], [17, 14], [17, 15], [15, 13], [15, 15]]]]
[[-1, [15, 15], [[14, 7], [14, 8], [13, 15], [13, 16], [16, 6], [16, 7], [17, 14], [17, 15], [15, 16], [15, 14]]]]
[[-1, [15, 16], [[14, 7], [14, 8], [13, 15], [13, 16], [16, 7], [16, 8], [17, 16], [17, 17], [15, 15], [15, 17]]]]
[[-2, [15, 17], [[14, 8], [14, 9], [13, 17], [13, 18], [16, 7], [16, 8], [17, 16], [17, 17], [15, 18], [15, 16]]]]
[[-2, [15, 18], [[14, 8], [14, 9], [13, 17], [13, 18], [16, 8], [16, 9], [17, 18], [17, 19], [15, 17], [15, 19]]]]
[[-2, [15, 19], [[14, 9], [14, 10], [13, 19], [13, 20], [16, 8], [16, 9], [17, 18], [17, 19], [15, 20], [15, 18]]]]
[[-1, [15, 20], [[14, 9], [14, 10], [13, 19], [13, 20], [16, 9], [16, 10], [17, 20], [17, 21], [15, 19], [15, 21]]]]
[[-1, [15, 21], [[14, 10], [14, 11], [13, 21], [13, 22], [16, 9], [16, 10], [17, 20], [17, 21], [15, 22], [15, 20]]]]
[[-1, [15, 22], [[14, 10], [14, 11], [13, 21], [13, 22], [16, 10], [16, 11], [17, 22], [17, 23], [15, 21], [15, 23]]]]
[[-1, [15, 23], [[14, 11], [14, 12], [13, 23], [13, 24], [16, 10], [16, 11], [17, 22], [17, 23], [15, 24], [15, 22]]]]
[[-1, [15, 24], [[14, 11], [14, 12], [13, 23], [13, 24], [16, 11], [16, 12], [17, 24], [17, 25], [15, 23], [15, 25]]]]
[[-2, [15, 25], [[14, 12], [14, 13], [13, 25], [13, 26], [16, 11], [16, 12], [17, 24], [17, 25], [15, 26], [15, 24]]]]
[[-1, [15, 26], [[14, 12], [14, 13], [13, 25], [13, 26], [16, 12], [16, 13], [17, 26], [17, 27], [15, 25], [15, 27]]]]
[[-1, [15, 27], [[14, 13], [14, 14], [13, 27], [13, 28], [16, 12], [16, 13], [17, 26], [17, 27], [15, 28], [15, 26]]]]
[[-1, [15, 28], [[14, 13], [14, 14], [13, 27], [13, 28], [16, 13], [16, 14], [17, 28], [17, 29], [15, 27], [15, 29]]]]
[[-1, [15, 29], [[14, 14], [14, 15], [13, 29], [13, 30], [16, 13], [16, 14], [17, 28], [17, 29], [15, 30], [15, 28]]]]
[[-1, [15, 30], [[14, 14], [14, 15], [13, 29], [13, 30], [16, 14], [16, 15], [17, 30], [17, 31], [15, 29], [15, 31]]]]
[[-1, [15, 31], [[14, 15], [13, 31], [13, 32], [16, 14], [16, 15], [17, 30], [17, 31], [15, 32], [15, 30]]]]
[[-1, [15, 32], [[14, 15], [13, 31], [13, 32], [16, 15], [17, 32], [15, 31]]]]
[[-1, [16, 0], [[15, 1], [15, 2], [17, 0], [17, 1], [17, 2], [16, 1]]]]
[[-2, [16, 1], [[15, 1], [15, 2], [15, 3], [15, 4], [17, 1], [17, 2], [17, 3], [17, 4], [16, 2], [16, 0]]]]
[[-1, [16, 2], [[15, 3], [15, 4], [15, 5], [15, 6], [17, 3], [17, 4], [17, 5], [17, 6], [16, 3], [16, 1]]]]
[[-1, [16, 3], [[15, 5], [15, 6], [15, 7], [15, 8], [17, 5], [17, 6], [17, 7], [17, 8], [16, 4], [16, 2]]]]
[[-1, [16, 4], [[15, 7], [15, 8], [15, 9], [15, 10], [17, 7], [17, 8], [17, 9], [17, 10], [16, 5], [16, 3]]]]
[[-1, [16, 5], [[15, 9], [15, 10], [15, 11], [15, 12], [17, 9], [17, 10], [17, 11], [17, 12], [16, 6], [16, 4]]]]
[[-1, [16, 6], [[15, 11], [15, 12], [15, 13], [15, 14], [17, 11], [17, 12], [17, 13], [17, 14], [16, 7], [16, 5]]]]
[[-1, [16, 7], [[15, 13], [15, 14], [15, 15], [15, 16], [17, 13], [17, 14], [17, 15], [17, 16], [16, 8], [16, 6]]]]
[[-1, [16, 8], [[15, 15], [15, 16], [15, 17], [15, 18], [17, 15], [17, 16], [17, 17], [17, 18], [16, 9], [16, 7]]]]
[[-2, [16, 9], [[15, 17], [15, 18], [15, 19], [15, 20], [17, 17], [17, 18], [17, 19], [17, 20], [16, 10], [16, 8]]]]
[[-1, [16, 10], [[15, 19], [15, 20], [15, 21], [15, 22], [17, 19], [17, 20], [17, 21], [17, 22], [16, 11], [16, 9]]]]
[[-1, [16, 11], [[15, 21], [15, 22], [15, 23], [15, 24], [17, 21], [17, 22], [17, 23], [17, 24], [16, 12], [16, 10]]]]
[[-2, [16, 12], [[15, 23], [15, 24], [15, 25], [15, 26], [17, 23], [17, 24], [17, 25], [17, 26], [16, 13], [16, 11]]]]
[[-1, [16, 13], [[15, 25], [15, 26], [15, 27], [15, 28], [17, 25], [17, 26], [17, 27], [17, 28], [16, 14], [16, 12]]]]
[[-1, [16, 14], [[15, 27], [15, 28], [15, 29], [15, 30], [17, 27], [17, 28], [17, 29], [17, 30], [16, 15], [16, 13]]]]
[[-1, [16, 15], [[15, 29], [15, 30], [15, 31], [15, 32], [17, 29], [17, 30], [17, 31], [17, 32], [16, 14]]]]
[[-1, [17, 0], [[16, 0], [15, 1], [18, 0], [19, 0], [17, 1]]]]
[[-1, [17, 1], [[16, 0], [15, 1], [18, 0], [18, 1], [19, 1], [19, 2], [17, 0], [17, 2]]]]
[[-1, [17, 2], [[16, 0], [16, 1], [15, 2], [15, 3], [18, 0], [18, 1], [19, 1], [19, 2], [17, 3], [17, 1]]]]
[[-1, [17, 3], [[16, 0], [16, 1], [15, 2], [15, 3], [18, 1], [18, 2], [19, 3], [19, 4], [17, 2], [17, 4]]]]
[[-2, [17, 4], [[16, 1], [16, 2], [15, 4], [15, 5], [18, 1], [18, 2], [19, 3], [19, 4], [17, 5], [17, 3]]]]
[[-1, [17, 5], [[16, 1], [16, 2], [15, 4], [15, 5], [18, 2], [18, 3], [19, 5], [19, 6], [17, 4], [17, 6]]]]
[[-1, [17, 6], [[16, 2], [16, 3], [15, 6], [15, 7], [18, 2], [18, 3], [19, 5], [19, 6], [17, 7], [17, 5]]]]
[[-1, [17, 7], [[16, 2], [16, 3], [15, 6], [15, 7], [18, 3], [18, 4], [19, 7], [19, 8], [17, 6], [17, 8]]]]
[[-1, [17, 8], [[16, 3], [16, 4], [15, 8], [15, 9], [18, 3], [18, 4], [19, 7], [19, 8], [17, 9], [17, 7]]]]
[[-1, [17, 9], [[16, 3], [16, 4], [15, 8], [15, 9], [18, 4], [18, 5], [19, 9], [19, 10], [17, 8], [17, 10]]]]
[[-1, [17, 10], [[16, 4], [16, 5], [15, 10], [15, 11], [18, 4], [18, 5], [19, 9], [19, 10], [17, 11], [17, 9]]]]
[[-2, [17, 11], [[16, 4], [16, 5], [15, 10], [15, 11], [18, 5], [18, 6], [19, 11], [19, 12], [17, 10], [17, 12]]]]
[[-2, [17, 12], [[16, 5], [16, 6], [15, 12], [15, 13], [18, 5], [18, 6], [19, 11], [19, 12], [17, 13], [17, 11]]]]
[[-2, [17, 13], [[16, 5], [16, 6], [15, 12], [15, 13], [18, 6], [18, 7], [19, 13], [19, 14], [17, 12], [17, 14]]]]
[[-2, [17, 14], [[16, 6], [16, 7], [15, 14], [15, 15], [18, 6], [18, 7], [19, 13], [19, 14], [17, 15], [17, 13]]]]
[[-2, [17, 15], [[16, 6], [16, 7], [15, 14], [15, 15], [18, 7], [18, 8], [19, 15], [19, 16], [17, 14], [17, 16]]]]
[[-2, [17, 16], [[16, 7], [16, 8], [15, 16], [15, 17], [18, 7], [18, 8], [19, 15], [19, 16], [17, 17], [17, 15]]]]
[[-1, [17, 17], [[16, 7], [16, 8], [15, 16], [15, 17], [18, 8], [18, 9], [19, 17], [19, 18], [17, 16], [17, 18]]]]
[[-1, [17, 18], [[16, 8], [16, 9], [15, 18], [15, 19], [18, 8], [18, 9], [19, 17], [19, 18], [17, 19], [17, 17]]]]
[[-1, [17, 19], [[16, 8], [16, 9], [15, 18], [15, 19], [18, 9], [18, 10], [19, 19], [19, 20], [17, 18], [17, 20]]]]
[[-2, [17, 20], [[16, 9], [16, 10], [15, 20], [15, 21], [18, 9], [18, 10], [19, 19], [19, 20], [17, 21], [17, 19]]]]
[[-1, [17, 21], [[16, 9], [16, 10], [15, 20], [15, 21], [18, 10], [18, 11], [19, 21], [19, 22], [17, 20], [17, 22]]]]
[[-1, [17, 22], [[16, 10], [16, 11], [15, 22], [15, 23], [18, 10], [18, 11], [19, 21], [19, 22], [17, 23], [17, 21]]]]
[[-1, [17, 23], [[16, 10], [16, 11], [15, 22], [15, 23], [18, 11], [18, 12], [19, 23], [19, 24], [17, 22], [17, 24]]]]
[[-1, [17, 24], [[16, 11], [16, 12], [15, 24], [15, 25], [18, 11], [18, 12], [19, 23], [19, 24], [17, 25], [17, 23]]]]
[[-2, [17, 25], [[16, 11], [16, 12], [15, 24], [15, 25], [18, 12], [18, 13], [19, 25], [19, 26], [17, 24], [17, 26]]]]
[[-1, [17, 26], [[16, 12], [16, 13], [15, 26], [15, 27], [18, 12], [18, 13], [19, 25], [19, 26], [17, 27], [17, 25]]]]
[[-1, [17, 27], [[16, 12], [16, 13], [15, 26], [15, 27], [18, 13], [18, 14], [19, 27], [19, 28], [17, 26], [17, 28]]]]
[[-1, [17, 28], [[16, 13], [16, 14], [15, 28], [15, 29], [18, 13], [18, 14], [19, 27], [19, 28], [17, 29], [17, 27]]]]
[[-1, [17, 29], [[16, 13], [16, 14], [15, 28], [15, 29], [18, 14], [18, 15], [19, 29], [19, 30], [17, 28], [17, 30]]]]
[[-1, [17, 30], [[16, 14], [16, 15], [15, 30], [15, 31], [18, 14], [18, 15], [19, 29], [19, 30], [17, 31], [17, 29]]]]
[[-1, [17, 31], [[16, 14], [16, 15], [15, 30], [15, 31], [18, 15], [19, 31], [17, 30], [17, 32]]]]
[[-1, [17, 32], [[16, 15], [15, 32], [18, 15], [19, 31], [17, 31]]]]
[[-1, [18, 0], [[17, 0], [17, 1], [17, 2], [19, 0], [19, 1], [19, 2], [18, 1]]]]
[[-1, [18, 1], [[17, 1], [17, 2], [17, 3], [17, 4], [19, 1], [19, 2], [19, 3], [19, 4], [18, 2], [18, 0]]]]
[[-2, [18, 2], [[17, 3], [17, 4], [17, 5], [17, 6], [19, 3], [19, 4], [19, 5], [19, 6], [18, 3], [18, 1]]]]
[[-1, [18, 3], [[17, 5], [17, 6], [17, 7], [17, 8], [19, 5], [19, 6], [19, 7], [19, 8], [18, 4], [18, 2]]]]
[[-1, [18, 4], [[17, 7], [17, 8], [17, 9], [17, 10], [19, 7], [19, 8], [19, 9], [19, 10], [18, 5], [18, 3]]]]
[[-2, [18, 5], [[17, 9], [17, 10], [17, 11], [17, 12], [19, 9], [19, 10], [19, 11], [19, 12], [18, 6], [18, 4]]]]
[[-1, [18, 6], [[17, 11], [17, 12], [17, 13], [17, 14], [19, 11], [19, 12], [19, 13], [19, 14], [18, 7], [18, 5]]]]
[[-1, [18, 7], [[17, 13], [17, 14], [17, 15], [17, 16], [19, 13], [19, 14], [19, 15], [19, 16], [18, 8], [18, 6]]]]
[[-1, [18, 8], [[17, 15], [17, 16], [17, 17], [17, 18], [19, 15], [19, 16], [19, 17], [19, 18], [18, 9], [18, 7]]]]
[[-1, [18, 9], [[17, 17], [17, 18], [17, 19], [17, 20], [19, 17], [19, 18], [19, 19], [19, 20], [18, 10], [18, 8]]]]
[[-2, [18, 10], [[17, 19], [17, 20], [17, 21], [17, 22], [19, 19], [19, 20], [19, 21], [19, 22], [18, 11], [18, 9]]]]
[[-1, [18, 11], [[17, 21], [17, 22], [17, 23], [17, 24], [19, 21], [19, 22], [19, 23], [19, 24], [18, 12], [18, 10]]]]
[[-2, [18, 12], [[17, 23], [17, 24], [17, 25], [17, 26], [19, 23], [19, 24], [19, 25], [19, 26], [18, 13], [18, 11]]]]
[[-1, [18, 13], [[17, 25], [17, 26], [17, 27], [17, 28], [19, 25], [19, 26], [19, 27], [19, 28], [18, 14], [18, 12]]]]
[[-1, [18, 14], [[17, 27], [17, 28], [17, 29], [17, 30], [19, 27], [19, 28], [19, 29], [19, 30], [18, 15], [18, 13]]]]
[[-1, [18, 15], [[17, 29], [17, 30], [17, 31], [17, 32], [19, 29], [19, 30], [19, 31], [18, 14]]]]
[[-1, [19, 0], [[18, 0], [17, 0], [20, 0], [21, 1], [19, 1]]]]
[[-1, [19, 1], [[18, 0], [18, 1], [17, 1], [17, 2], [20, 0], [21, 1], [19, 2], [19, 0]]]]
[[-1, [19, 2], [[18, 0], [18, 1], [17, 1], [17, 2], [20, 0], [20, 1], [21, 2], [21, 3], [19, 1], [19, 3]]]]
[[-1, [19, 3], [[18, 1], [18, 2], [17, 3], [17, 4], [20, 0], [20, 1], [21, 2], [21, 3], [19, 4], [19, 2]]]]
[[-1, [19, 4], [[18, 1], [18, 2], [17, 3], [17, 4], [20, 1], [20, 2], [21, 4], [21, 5], [19, 3], [19, 5]]]]
[[-2, [19, 5], [[18, 2], [18, 3], [17, 5], [17, 6], [20, 1], [20, 2], [21, 4], [21, 5], [19, 6], [19, 4]]]]
[[-2, [19, 6], [[18, 2], [18, 3], [17, 5], [17, 6], [20, 2], [20, 3], [21, 6], [21, 7], [19, 5], [19, 7]]]]
[[-2, [19, 7], [[18, 3], [18, 4], [17, 7], [17, 8], [20, 2], [20, 3], [21, 6], [21, 7], [19, 8], [19, 6]]]]
[[-1, [19, 8], [[18, 3], [18, 4], [17, 7], [17, 8], [20, 3], [20, 4], [21, 8], [21, 9], [19, 7], [19, 9]]]]
[[-2, [19, 9], [[18, 4], [18, 5], [17, 9], [17, 10], [20, 3], [20, 4], [21, 8], [21, 9], [19, 10], [19, 8]]]]
[[-2, [19, 10], [[18, 4], [18, 5], [17, 9], [17, 10], [20, 4], [20, 5], [21, 10], [21, 11], [19, 9], [19, 11]]]]
[[-1, [19, 11], [[18, 5], [18, 6], [17, 11], [17, 12], [20, 4], [20, 5], [21, 10], [21, 11], [19, 12], [19, 10]]]]
[[-1, [19, 12], [[18, 5], [18, 6], [17, 11], [17, 12], [20, 5], [20, 6], [21, 12], [21, 13], [19, 11], [19, 13]]]]
[[-1, [19, 13], [[18, 6], [18, 7], [17, 13], [17, 14], [20, 5], [20, 6], [21, 12], [21, 13], [19, 14], [19, 12]]]]
[[-1, [19, 14], [[18, 6], [18, 7], [17, 13], [17, 14], [20, 6], [20, 7], [21, 14], [21, 15], [19, 13], [19, 15]]]]
[[-2, [19, 15], [[18, 7], [18, 8], [17, 15], [17, 16], [20, 6], [20, 7], [21, 14], [21, 15], [19, 16], [19, 14]]]]
[[-1, [19, 16], [[18, 7], [18, 8], [17, 15], [17, 16], [20, 7], [20, 8], [21, 16], [21, 17], [19, 15], [19, 17]]]]
[[-1, [19, 17], [[18, 8], [18, 9], [17, 17], [17, 18], [20, 7], [20, 8], [21, 16], [21, 17], [19, 18], [19, 16]]]]
[[-1, [19, 18], [[18, 8], [18, 9], [17, 17], [17, 18], [20, 8], [20, 9], [21, 18], [21, 19], [19, 17], [19, 19]]]]
[[-1, [19, 19], [[18, 9], [18, 10], [17, 19], [17, 20], [20, 8], [20, 9], [21, 18], [21, 19], [19, 20], [19, 18]]]]
[[-1, [19, 20], [[18, 9], [18, 10], [17, 19], [17, 20], [20, 9], [20, 10], [21, 20], [21, 21], [19, 19], [19, 21]]]]
[[-2, [19, 21], [[18, 10], [18, 11], [17, 21], [17, 22], [20, 9], [20, 10], [21, 20], [21, 21], [19, 22], [19, 20]]]]
[[-1, [19, 22], [[18, 10], [18, 11], [17, 21], [17, 22], [20, 10], [20, 11], [21, 22], [21, 23], [19, 21], [19, 23]]]]
[[-1, [19, 23], [[18, 11], [18, 12], [17, 23], [17, 24], [20, 10], [20, 11], [21, 22], [21, 23], [19, 24], [19, 22]]]]
[[-1, [19, 24], [[18, 11], [18, 12], [17, 23], [17, 24], [20, 11], [20, 12], [21, 24], [21, 25], [19, 23], [19, 25]]]]
[[-1, [19, 25], [[18, 12], [18, 13], [17, 25], [17, 26], [20, 11], [20, 12], [21, 24], [21, 25], [19, 26], [19, 24]]]]
[[-1, [19, 26], [[18, 12], [18, 13], [17, 25], [17, 26], [20, 12], [20, 13], [21, 26], [21, 27], [19, 25], [19, 27]]]]
[[-1, [19, 27], [[18, 13], [18, 14], [17, 27], [17, 28], [20, 12], [20, 13], [21, 26], [21, 27], [19, 28], [19, 26]]]]
[[-2, [19, 28], [[18, 13], [18, 14], [17, 27], [17, 28], [20, 13], [20, 14], [21, 28], [21, 29], [19, 27], [19, 29]]]]
[[-2, [19, 29], [[18, 14], [18, 15], [17, 29], [17, 30], [20, 13], [20, 14], [21, 28], [21, 29], [19, 30], [19, 28]]]]
[[-2, [19, 30], [[18, 14], [18, 15], [17, 29], [17, 30], [20, 14], [21, 30], [19, 29], [19, 31]]]]
[[-2, [19, 31], [[18, 15], [17, 31], [17, 32], [20, 14], [21, 30], [19, 30]]]]
[[-1, [20, 0], [[19, 0], [19, 1], [19, 2], [21, 1], [21, 2], [20, 1]]]]
[[-1, [20, 1], [[19, 1], [19, 2], [19, 3], [19, 4], [21, 1], [21, 2], [21, 3], [21, 4], [20, 2], [20, 0]]]]
[[-1, [20, 2], [[19, 3], [19, 4], [19, 5], [19, 6], [21, 3], [21, 4], [21, 5], [21, 6], [20, 3], [20, 1]]]]
[[-1, [20, 3], [[19, 5], [19, 6], [19, 7], [19, 8], [21, 5], [21, 6], [21, 7], [21, 8], [20, 4], [20, 2]]]]
[[-1, [20, 4], [[19, 7], [19, 8], [19, 9], [19, 10], [21, 7], [21, 8], [21, 9], [21, 10], [20, 5], [20, 3]]]]
[[-1, [20, 5], [[19, 9], [19, 10], [19, 11], [19, 12], [21, 9], [21, 10], [21, 11], [21, 12], [20, 6], [20, 4]]]]
[[-1, [20, 6], [[19, 11], [19, 12], [19, 13], [19, 14], [21, 11], [21, 12], [21, 13], [21, 14], [20, 7], [20, 5]]]]
[[-2, [20, 7], [[19, 13], [19, 14], [19, 15], [19, 16], [21, 13], [21, 14], [21, 15], [21, 16], [20, 8], [20, 6]]]]
[[-1, [20, 8], [[19, 15], [19, 16], [19, 17], [19, 18], [21, 15], [21, 16], [21, 17], [21, 18], [20, 9], [20, 7]]]]
[[-1, [20, 9], [[19, 17], [19, 18], [19, 19], [19, 20], [21, 17], [21, 18], [21, 19], [21, 20], [20, 10], [20, 8]]]]
[[-2, [20, 10], [[19, 19], [19, 20], [19, 21], [19, 22], [21, 19], [21, 20], [21, 21], [21, 22], [20, 11], [20, 9]]]]
[[-1, [20, 11], [[19, 21], [19, 22], [19, 23], [19, 24], [21, 21], [21, 22], [21, 23], [21, 24], [20, 12], [20, 10]]]]
[[-1, [20, 12], [[19, 23], [19, 24], [19, 25], [19, 26], [21, 23], [21, 24], [21, 25], [21, 26], [20, 13], [20, 11]]]]
[[-2, [20, 13], [[19, 25], [19, 26], [19, 27], [19, 28], [21, 25], [21, 26], [21, 27], [21, 28], [20, 14], [20, 12]]]]
[[-1, [20, 14], [[19, 27], [19, 28], [19, 29], [19, 30], [21, 27], [21, 28], [21, 29], [21, 30], [20, 13]]]]
[[-1, [21, 1], [[20, 0], [19, 0], [19, 1], [22, 1], [21, 2]]]]
[[-1, [21, 2], [[20, 0], [20, 1], [19, 2], [19, 3], [22, 1], [21, 3], [21, 1]]]]
[[-1, [21, 3], [[20, 0], [20, 1], [19, 2], [19, 3], [22, 1], [22, 2], [23, 4], [21, 2], [21, 4]]]]
[[-1, [21, 4], [[20, 1], [20, 2], [19, 4], [19, 5], [22, 1], [22, 2], [23, 4], [21, 5], [21, 3]]]]
[[-1, [21, 5], [[20, 1], [20, 2], [19, 4], [19, 5], [22, 2], [22, 3], [23, 5], [23, 6], [21, 4], [21, 6]]]]
[[-1, [21, 6], [[20, 2], [20, 3], [19, 6], [19, 7], [22, 2], [22, 3], [23, 5], [23, 6], [21, 7], [21, 5]]]]
[[-2, [21, 7], [[20, 2], [20, 3], [19, 6], [19, 7], [22, 3], [22, 4], [23, 7], [23, 8], [21, 6], [21, 8]]]]
[[-2, [21, 8], [[20, 3], [20, 4], [19, 8], [19, 9], [22, 3], [22, 4], [23, 7], [23, 8], [21, 9], [21, 7]]]]
[[-2, [21, 9], [[20, 3], [20, 4], [19, 8], [19, 9], [22, 4], [22, 5], [23, 9], [23, 10], [21, 8], [21, 10]]]]
[[-2, [21, 10], [[20, 4], [20, 5], [19, 10], [19, 11], [22, 4], [22, 5], [23, 9], [23, 10], [21, 11], [21, 9]]]]
[[-2, [21, 11], [[20, 4], [20, 5], [19, 10], [19, 11], [22, 5], [22, 6], [23, 11], [23, 12], [21, 10], [21, 12]]]]
[[-2, [21, 12], [[20, 5], [20, 6], [19, 12], [19, 13], [22, 5], [22, 6], [23, 11], [23, 12], [21, 13], [21, 11]]]]
[[-1, [21, 13], [[20, 5], [20, 6], [19, 12], [19, 13], [22, 6], [22, 7], [23, 13], [23, 14], [21, 12], [21, 14]]]]
[[-1, [21, 14], [[20, 6], [20, 7], [19, 14], [19, 15], [22, 6], [22, 7], [23, 13], [23, 14], [21, 15], [21, 13]]]]
[[-1, [21, 15], [[20, 6], [20, 7], [19, 14], [19, 15], [22, 7], [22, 8], [23, 15], [23, 16], [21, 14], [21, 16]]]]
[[-2, [21, 16], [[20, 7], [20, 8], [19, 16], [19, 17], [22, 7], [22, 8], [23, 15], [23, 16], [21, 17], [21, 15]]]]
[[-1, [21, 17], [[20, 7], [20, 8], [19, 16], [19, 17], [22, 8], [22, 9], [23, 17], [23, 18], [21, 16], [21, 18]]]]
[[-1, [21, 18], [[20, 8], [20, 9], [19, 18], [19, 19], [22, 8], [22, 9], [23, 17], [23, 18], [21, 19], [21, 17]]]]
[[-1, [21, 19], [[20, 8], [20, 9], [19, 18], [19, 19], [22, 9], [22, 10], [23, 19], [23, 20], [21, 18], [21, 20]]]]
[[-1, [21, 20], [[20, 9], [20, 10], [19, 20], [19, 21], [22, 9], [22, 10], [23, 19], [23, 20], [21, 21], [21, 19]]]]
[[-1, [21, 21], [[20, 9], [20, 10], [19, 20], [19, 21], [22, 10], [22, 11], [23, 21], [23, 22], [21, 20], [21, 22]]]]
[[-2, [21, 22], [[20, 10], [20, 11], [19, 22], [19, 23], [22, 10], [22, 11], [23, 21], [23, 22], [21, 23], [21, 21]]]]
[[-2, [21, 23], [[20, 10], [20, 11], [19, 22], [19, 23], [22, 11], [22, 12], [23, 23], [23, 24], [21, 22], [21, 24]]]]
[[-2, [21, 24], [[20, 11], [20, 12], [19, 24], [19, 25], [22, 11], [22, 12], [23, 23], [23, 24], [21, 25], [21, 23]]]]
[[-2, [21, 25], [[20, 11], [20, 12], [19, 24], [19, 25], [22, 12], [22, 13], [23, 25], [23, 26], [21, 24], [21, 26]]]]
[[-2, [21, 26], [[20, 12], [20, 13], [19, 26], [19, 27], [22, 12], [22, 13], [23, 25], [23, 26], [21, 27], [21, 25]]]]
[[-2, [21, 27], [[20, 12], [20, 13], [19, 26], [19, 27], [22, 13], [22, 14], [23, 27], [23, 28], [21, 26], [21, 28]]]]
[[-1, [21, 28], [[20, 13], [20, 14], [19, 28], [19, 29], [22, 13], [22, 14], [23, 27], [23, 28], [21, 29], [21, 27]]]]
[[-1, [21, 29], [[20, 13], [20, 14], [19, 28], [19, 29], [22, 14], [23, 29], [21, 28], [21, 30]]]]
[[-1, [21, 30], [[20, 14], [19, 30], [19, 31], [22, 14], [23, 29], [21, 29]]]]
[[-1, [22, 1], [[21, 1], [21, 2], [21, 3], [21, 4], [23, 4], [22, 2]]]]
[[-1, [22, 2], [[21, 3], [21, 4], [21, 5], [21, 6], [23, 4], [23, 5], [23, 6], [22, 3], [22, 1]]]]
[[-2, [22, 3], [[21, 5], [21, 6], [21, 7], [21, 8], [23, 5], [23, 6], [23, 7], [23, 8], [22, 4], [22, 2]]]]
[[-1, [22, 4], [[21, 7], [21, 8], [21, 9], [21, 10], [23, 7], [23, 8], [23, 9], [23, 10], [22, 5], [22, 3]]]]
[[-1, [22, 5], [[21, 9], [21, 10], [21, 11], [21, 12], [23, 9], [23, 10], [23, 11], [23, 12], [22, 6], [22, 4]]]]
[[-2, [22, 6], [[21, 11], [21, 12], [21, 13], [21, 14], [23, 11], [23, 12], [23, 13], [23, 14], [22, 7], [22, 5]]]]
[[-1, [22, 7], [[21, 13], [21, 14], [21, 15], [21, 16], [23, 13], [23, 14], [23, 15], [23, 16], [22, 8], [22, 6]]]]
[[-2, [22, 8], [[21, 15], [21, 16], [21, 17], [21, 18], [23, 15], [23, 16], [23, 17], [23, 18], [22, 9], [22, 7]]]]
[[-1, [22, 9], [[21, 17], [21, 18], [21, 19], [21, 20], [23, 17], [23, 18], [23, 19], [23, 20], [22, 10], [22, 8]]]]
[[-1, [22, 10], [[21, 19], [21, 20], [21, 21], [21, 22], [23, 19], [23, 20], [23, 21], [23, 22], [22, 11], [22, 9]]]]
[[-1, [22, 11], [[21, 21], [21, 22], [21, 23], [21, 24], [23, 21], [23, 22], [23, 23], [23, 24], [22, 12], [22, 10]]]]
[[-1, [22, 12], [[21, 23], [21, 24], [21, 25], [21, 26], [23, 23], [23, 24], [23, 25], [23, 26], [22, 13], [22, 11]]]]
[[-1, [22, 13], [[21, 25], [21, 26], [21, 27], [21, 28], [23, 25], [23, 26], [23, 27], [23, 28], [22, 14], [22, 12]]]]
[[-1, [22, 14], [[21, 27], [21, 28], [21, 29], [21, 30], [23, 27], [23, 28], [23, 29], [22, 13]]]]
[[-1, [23, 4], [[22, 1], [22, 2], [21, 3], [21, 4], [24, 2], [23, 5]]]]
[[-1, [23, 5], [[22, 2], [22, 3], [21, 5], [21, 6], [24, 2], [23, 6], [23, 4]]]]
[[-2, [23, 6], [[22, 2], [22, 3], [21, 5], [21, 6], [24, 2], [24, 3], [23, 5], [23, 7]]]]
[[-1, [23, 7], [[22, 3], [22, 4], [21, 7], [21, 8], [24, 2], [24, 3], [23, 8], [23, 6]]]]
[[-1, [23, 8], [[22, 3], [22, 4], [21, 7], [21, 8], [24, 3], [24, 4], [23, 7], [23, 9]]]]
[[-1, [23, 9], [[22, 4], [22, 5], [21, 9], [21, 10], [24, 3], [24, 4], [23, 10], [23, 8]]]]
[[-1, [23, 10], [[22, 4], [22, 5], [21, 9], [21, 10], [24, 4], [24, 5], [23, 9], [23, 11]]]]
[[-1, [23, 11], [[22, 5], [22, 6], [21, 11], [21, 12], [24, 4], [24, 5], [23, 12], [23, 10]]]]
[[-1, [23, 12], [[22, 5], [22, 6], [21, 11], [21, 12], [24, 5], [24, 6], [25, 13], [23, 11], [23, 13]]]]
[[-2, [23, 13], [[22, 6], [22, 7], [21, 13], [21, 14], [24, 5], [24, 6], [25, 13], [23, 14], [23, 12]]]]
[[-1, [23, 14], [[22, 6], [22, 7], [21, 13], [21, 14], [24, 6], [24, 7], [25, 14], [25, 15], [23, 13], [23, 15]]]]
[[-1, [23, 15], [[22, 7], [22, 8], [21, 15], [21, 16], [24, 6], [24, 7], [25, 14], [25, 15], [23, 16], [23, 14]]]]
[[-1, [23, 16], [[22, 7], [22, 8], [21, 15], [21, 16], [24, 7], [24, 8], [25, 16], [25, 17], [23, 15], [23, 17]]]]
[[-2, [23, 17], [[22, 8], [22, 9], [21, 17], [21, 18], [24, 7], [24, 8], [25, 16], [25, 17], [23, 18], [23, 16]]]]
[[-1, [23, 18], [[22, 8], [22, 9], [21, 17], [21, 18], [24, 8], [24, 9], [25, 18], [25, 19], [23, 17], [23, 19]]]]
[[-1, [23, 19], [[22, 9], [22, 10], [21, 19], [21, 20], [24, 8], [24, 9], [25, 18], [25, 19], [23, 20], [23, 18]]]]
[[-1, [23, 20], [[22, 9], [22, 10], [21, 19], [21, 20], [24, 9], [24, 10], [25, 20], [25, 21], [23, 19], [23, 21]]]]
[[-1, [23, 21], [[22, 10], [22, 11], [21, 21], [21, 22], [24, 9], [24, 10], [25, 20], [25, 21], [23, 22], [23, 20]]]]
[[-1, [23, 22], [[22, 10], [22, 11], [21, 21], [21, 22], [24, 10], [24, 11], [25, 22], [25, 23], [23, 21], [23, 23]]]]
[[-1, [23, 23], [[22, 11], [22, 12], [21, 23], [21, 24], [24, 10], [24, 11], [25, 22], [25, 23], [23, 24], [23, 22]]]]
[[-1, [23, 24], [[22, 11], [22, 12], [21, 23], [21, 24], [24, 11], [24, 12], [25, 24], [25, 25], [23, 23], [23, 25]]]]
[[-1, [23, 25], [[22, 12], [22, 13], [21, 25], [21, 26], [24, 11], [24, 12], [25, 24], [25, 25], [23, 26], [23, 24]]]]
[[-1, [23, 26], [[22, 12], [22, 13], [21, 25], [21, 26], [24, 12], [24, 13], [25, 26], [25, 27], [23, 25], [23, 27]]]]
[[-2, [23, 27], [[22, 13], [22, 14], [21, 27], [21, 28], [24, 12], [24, 13], [25, 26], [25, 27], [23, 28], [23, 26]]]]
[[-2, [23, 28], [[22, 13], [22, 14], [21, 27], [21, 28], [24, 13], [25, 28], [23, 27], [23, 29]]]]
[[-2, [23, 29], [[22, 14], [21, 29], [21, 30], [24, 13], [25, 28], [23, 28]]]]
[[-2, [24, 2], [[23, 4], [23, 5], [23, 6], [24, 3]]]]
[[-1, [24, 3], [[23, 5], [23, 6], [23, 7], [23, 8], [24, 4], [24, 2]]]]
[[-1, [24, 4], [[23, 7], [23, 8], [23, 9], [23, 10], [24, 5], [24, 3]]]]
[[-1, [24, 5], [[23, 9], [23, 10], [23, 11], [23, 12], [24, 6], [24, 4]]]]
[[-2, [24, 6], [[23, 11], [23, 12], [23, 13], [23, 14], [25, 13], [25, 14], [24, 7], [24, 5]]]]
[[-1, [24, 7], [[23, 13], [23, 14], [23, 15], [23, 16], [25, 13], [25, 14], [25, 15], [25, 16], [24, 8], [24, 6]]]]
[[-2, [24, 8], [[23, 15], [23, 16], [23, 17], [23, 18], [25, 15], [25, 16], [25, 17], [25, 18], [24, 9], [24, 7]]]]
[[-1, [24, 9], [[23, 17], [23, 18], [23, 19], [23, 20], [25, 17], [25, 18], [25, 19], [25, 20], [24, 10], [24, 8]]]]
[[-1, [24, 10], [[23, 19], [23, 20], [23, 21], [23, 22], [25, 19], [25, 20], [25, 21], [25, 22], [24, 11], [24, 9]]]]
[[-1, [24, 11], [[23, 21], [23, 22], [23, 23], [23, 24], [25, 21], [25, 22], [25, 23], [25, 24], [24, 12], [24, 10]]]]
[[-1, [24, 12], [[23, 23], [23, 24], [23, 25], [23, 26], [25, 23], [25, 24], [25, 25], [25, 26], [24, 13], [24, 11]]]]
[[-1, [24, 13], [[23, 25], [23, 26], [23, 27], [23, 28], [25, 25], [25, 26], [25, 27], [25, 28], [24, 12]]]]
[[-1, [25, 13], [[24, 5], [24, 6], [23, 12], [23, 13], [26, 7], [25, 14]]]]
[[-2, [25, 14], [[24, 6], [24, 7], [23, 14], [23, 15], [26, 7], [25, 15], [25, 13]]]]
[[-1, [25, 15], [[24, 6], [24, 7], [23, 14], [23, 15], [26, 7], [26, 8], [25, 14], [25, 16]]]]
[[-1, [25, 16], [[24, 7], [24, 8], [23, 16], [23, 17], [26, 7], [26, 8], [25, 17], [25, 15]]]]
[[-1, [25, 17], [[24, 7], [24, 8], [23, 16], [23, 17], [26, 8], [26, 9], [25, 16], [25, 18]]]]
[[-2, [25, 18], [[24, 8], [24, 9], [23, 18], [23, 19], [26, 8], [26, 9], [25, 19], [25, 17]]]]
[[-1, [25, 19], [[24, 8], [24, 9], [23, 18], [23, 19], [26, 9], [26, 10], [25, 18], [25, 20]]]]
[[-1, [25, 20], [[24, 9], [24, 10], [23, 20], [23, 21], [26, 9], [26, 10], [25, 21], [25, 19]]]]
[[-1, [25, 21], [[24, 9], [24, 10], [23, 20], [23, 21], [26, 10], [26, 11], [25, 20], [25, 22]]]]
[[-1, [25, 22], [[24, 10], [24, 11], [23, 22], [23, 23], [26, 10], [26, 11], [25, 23], [25, 21]]]]
[[-1, [25, 23], [[24, 10], [24, 11], [23, 22], [23, 23], [26, 11], [26, 12], [25, 22], [25, 24]]]]
[[-1, [25, 24], [[24, 11], [24, 12], [23, 24], [23, 25], [26, 11], [26, 12], [25, 25], [25, 23]]]]
[[-1, [25, 25], [[24, 11], [24, 12], [23, 24], [23, 25], [26, 12], [26, 13], [25, 24], [25, 26]]]]
[[-1, [25, 26], [[24, 12], [24, 13], [23, 26], [23, 27], [26, 12], [26, 13], [25, 27], [25, 25]]]]
[[-2, [25, 27], [[24, 12], [24, 13], [23, 26], [23, 27], [26, 13], [25, 26], [25, 28]]]]
[[-1, [25, 28], [[24, 13], [23, 28], [23, 29], [26, 13], [25, 27]]]]
[[-2, [26, 7], [[25, 13], [25, 14], [25, 15], [25, 16], [26, 8]]]]
[[-2, [26, 8], [[25, 15], [25, 16], [25, 17], [25, 18], [26, 7], [26, 9]]]]
[[-2, [26, 9], [[25, 17], [25, 18], [25, 19], [25, 20], [26, 8], [26, 10]]]]
[[-1, [26, 10], [[25, 19], [25, 20], [25, 21], [25, 22], [26, 9], [26, 11]]]]
[[-1, [26, 11], [[25, 21], [25, 22], [25, 23], [25, 24], [26, 10], [26, 12]]]]
[[-2, [26, 12], [[25, 23], [25, 24], [25, 25], [25, 26], [26, 11], [26, 13]]]]
[[-1, [26, 13], [[25, 25], [25, 26], [25, 27], [25, 28], [26, 12]]]]
